23485
3596
15440
11261
1802
20537
2732
24005
17746
2746
30116
6382
28835
12727
14594
29577
3231
3577
3575
30165
15090
15751
13533
27773
15944
7999
5549
17624
4587
4292
1354
26637
21549
30155
3906
23022
21244
25041
1152
6474
6773
20472
19930
28117
30375
1530
8492
5925
22150
14560
9431
29942
29663
25368
26095
21980
13696
16042
26008
7258
4996
7253
27882
19288
14344
24832
8145
7874
12053
23081
28862
7128
19329
8219
9859
9325
9937
1695
22688
5542
26798
6682
17774
2774
9545
10495
17437
3453
16288
20216
13310
15956
8401
9418
2621
30252
3912
26280
25209
19867
