16220
26542
9814
13823
10776
17625
24458
2406
19939
13142
2014
17527
9083
5814
18735
18803
30363
4467
29315
12307
31985
20255
19487
17212
14878
10418
24305
21443
31622
30300
14890
26104
16776
8970
9704
27538
5984
20061
26142
29959
22399
5281
5633
23315
26159
25445
22342
21240
25449
15981
6671
5607
8314
1541
22597
16930
237
8502
9642
26562
15428
18418
3856
13839
23052
26580
24006
18494
8402
3811
8098
2716
24735
5902
24142
3329
1873
3026
20451
4157
23489
2546
9130
6396
5111
27274
12333
2833
17648
3833
21945
2952
14935
22011
30194
12359
17478
3605
22628
19805
